4 0 0.3854080519933405 0.5970769339042163
4 25 0.5223077291539602 0.5359394592625408
4 50 0.5273573988968544 0.5306090636910499
4 75 0.5287140468974414 0.5301041150687151
4 100 0.529067250526303 0.529582160549605
4 125 0.5292246490313984 0.52939681367574
4 150 0.5292901429669923 0.529404209260212
4 175 0.5293178888359276 0.5293559892356333
4 200 0.5293293042287874 0.5293448622553716
4 225 0.5293332316084162 0.5293416537427303
4 250 0.5293352593929834 0.5293386704268834
4 275 0.529336267201237 0.5293374845854787
4 281 0.5293364145352196 0.5293372729113797
8 0 0.3893612711533257 0.7148998469359956
8 25 0.5279200856791512 0.546763081918698
8 50 0.5323179644768691 0.55196511490128
8 75 0.5347830315771932 0.542543139424074
8 100 0.535508569275329 0.5440535877881318
8 125 0.5358746775779089 0.5418552800620334
8 150 0.5361948030462066 0.5399392176449601
8 175 0.5365790961121317 0.539534852081718
8 200 0.5368612802451257 0.538264190521362
8 225 0.5371555698542946 0.5384840325621748
8 250 0.5372552439900845 0.538226061491358
8 275 0.5373301733886774 0.5376612374969829
8 300 0.5374034432574598 0.5375680824094479
8 325 0.5374373078158741 0.5375744139003795
8 350 0.5374650744029649 0.5375581235530663
8 375 0.5374881545413096 0.5375377162837002
8 400 0.5374983087442188 0.5375280011028941
8 425 0.5375044727868764 0.5375209244644971
8 450 0.5375076877805309 0.5375157586391244
8 475 0.537509797204529 0.5375143076649743
