GROUND MASS per lattice cell (u = xi L/2pi):
lam  [0,0.5)    [0.5,1.5)  [1.5,2.5)  [2.5,3.5)  [3.5,4.5)  [4.5,6.5)  [6.5,10.5)
3    0.3257     0.4707     0.1728     0.0291     0.0017     0.0000     0.0000    
4    0.2667     0.4287     0.2208     0.0701     0.0126     0.0011     0.0000    
6    0.2116     0.3694     0.2436     0.1199     0.0430     0.0123     0.0001    
8    0.1864     0.3347     0.2428     0.1412     0.0647     0.0290     0.0012    

SYMBOL beta_a at fixed u = xi L/2pi:
lam  u=0.25   u=0.5    u=0.75   u=1      u=1.25   u=1.5    u=2      u=2.5    u=3      u=4     
3    -0.001   -0.285   0.005    0.284    -0.012   -0.279   0.272    -0.259   0.238    0.119   
4    -0.000   -0.687   0.001    0.695    -0.001   -0.708   0.728    -0.757   0.797    0.935   
6    -0.010   -0.509   0.029    0.512    -0.049   -0.515   0.520    -0.527   0.536    0.562   
8    0.000    -0.131   -0.001   0.132    0.002    -0.134   0.138    -0.142   0.148    0.166   

GROUND coefficients |v_0..v_5| (lattice modes):
3    0.5788   0.6895   0.4054   0.1558   0.0316   0.0005  
4    0.5210   0.6583   0.4666   0.2566   0.1040   0.0270  
6    0.4629   0.6102   0.4932   0.3432   0.2026   0.0988  
8    0.4335   0.5808   0.4932   0.3740   0.2514   0.1479  
