FROZEN DIRECT REPLAY 3 interior 1 min_ratio 2.5610337797013676 mass matrix difference 1.3600232051658168e-15
bin required mass slack ratio
0 0.00039250000000000005 0.0095207541064501588 0.0091282541064501583 24.256698360382568
1 0.00023124999999999998 0.0039017340625231954 0.0036704840625231953 16.87236351361382
2 0.00085500000000000018 0.0030998653773565746 0.0022448653773565743 3.6255735407679226
3 0.00066375000000000006 0.0025337959075069777 0.0018700459075069776 3.817394964228968
4 0.00077000000000000007 0.002370184869134046 0.0016001848691340459 3.0781621677065529
5 0.00085875000000000003 0.0021992877583185493 0.0013405377583185492 2.5610337797013676
6 0.0015362500000000001 0.0051773090916741845 0.0036410590916741842 3.3700954217569956
7 0.0012575000000000002 0.0040225980594676362 0.0027650980594676362 3.1988851367535869
8 0.0018737500000000004 0.014952815445936629 0.013079065445936629 7.9801550078380927
9 0.0019450000000000003 0.0086669680375547793 0.0067219680375547788 4.4560246979716078
10 0.0025987499999999999 0.0076682724854808962 0.0050695224854808967 2.9507542031672522
11 0.0028537500000000008 0.12862092896266564 0.12576717896266565 45.070846767469327
12 0.0030787500000000008 0.071540862848633174 0.068462112848633169 23.236983466872321
13 0.0023925000000000005 0.051610878412366709 0.04921837841236671 21.571944999944282
14 0.0026450000000000006 0.050426868018973205 0.047781868018973203 19.064978457078713
15 0.0030462499999999999 0.041935828297626522 0.038889578297626522 13.766377775174895
16 0.0038674999999999998 0.036142714627338299 0.032275214627338296 9.3452397226472659
17 0.0059675000000000023 0.053854576306728581 0.047887076306728581 9.0246462181363327
18 0.0072175000000000008 0.051361949254113658 0.044144449254113656 7.1163074823849879
19 0.0063000000000000026 0.044090232792241904 0.037790232792241904 6.9984496495622039
FROZEN DIRECT REPLAY 3 interior 2 min_ratio 2.5041812328387327 mass matrix difference 2.636779683484747e-16
bin required mass slack ratio
0 0.00039250000000000005 0.0095207531079210712 0.0091282531079210708 24.256695816359414
1 0.00023250000000000001 0.0039347634114397113 0.0037022634114397112 16.923713597590154
2 0.00085249999999999996 0.0030334166308840227 0.0021809166308840227 3.5582599775765664
3 0.00066500000000000001 0.0025672143200126296 0.0019022143200126296 3.8604726616731271
4 0.00076500000000000005 0.0023911475070025833 0.0016261475070025832 3.1256830156896513
5 0.00085625000000000002 0.0021442051806181651 0.0012879551806181651 2.5041812328387327
6 0.0015550000000000002 0.0052089843733277158 0.0036539843733277158 3.3498291789888843
7 0.0012400000000000002 0.0040438934125298963 0.0028038934125298961 3.2612043649434641
8 0.0018943750000000002 0.014864583604475234 0.012970208604475234 7.8466954032201821
9 0.0019337499999999999 0.0087601862860809936 0.0068264362860809939 4.5301545112248194
10 0.0026231250000000005 0.0076758831998129575 0.0050527581998129571 2.9262361495593829
11 0.0028231250000000005 0.12898813529361181 0.1261650102936118 45.689842034487235
12 0.00309625 0.07114659480285386 0.068050344802853865 22.978310796238631
13 0.0023787500000000002 0.051636967321232165 0.049258217321232166 21.707605810292026
14 0.0026337500000000007 0.050432908583855081 0.047799158583855084 19.148707578112983
15 0.0030406250000000008 0.041773758512574095 0.038733133512574097 13.738543395707818
16 0.0039000000000000007 0.036485915277804447 0.032585915277804446 9.3553628917447291
17 0.0059456249999999995 0.053265437679192361 0.047319812679192358 8.9587617246618088
18 0.0072312500000000024 0.051574680859555723 0.044343430859555721 7.13219441445887
19 0.0062793750000000028 0.044024819606833181 0.037745444606833177 7.0110193461663242
FROZEN DIRECT REPLAY 3 improved 1 min_ratio 1.0542589716960387 mass matrix difference 3.469446951953614e-16
bin required mass slack ratio
0 0.00039250000000000005 0.0039588545801990905 0.0035663545801990905 10.086253707513604
1 0.00023124999999999998 0.0016241405938551101 0.0013928905938551102 7.0233106761302064
2 0.00085500000000000018 0.0012919634715649175 0.00043696347156491728 1.5110683877952247
3 0.00066375000000000006 0.0010568173059418505 0.0003930673059418504 1.5921917980291531
4 0.00077000000000000007 0.00097121076017660929 0.00020121076017660922 1.261312675554038
5 0.00085875000000000003 0.0009053448919439732 4.659489194397317e-05 1.0542589716960387
6 0.0015362500000000001 0.016798749026914531 0.015262499026914532 10.934905794574146
7 0.0012575000000000002 0.011706530842006515 0.010449030842006515 9.3093684628282407
8 0.0018737500000000004 0.040323891250330562 0.038450141250330562 21.520422281697428
9 0.0019450000000000003 0.02218945819778418 0.020244458197784181 11.40846179834662
10 0.0025987499999999999 0.017471503974875395 0.014872753974875395 6.7230414525735052
11 0.0028537500000000008 0.11977401715992268 0.11692026715992268 41.970746267165183
12 0.0030787500000000008 0.069198281026977865 0.06611953102697786 22.476096151677741
13 0.0023925000000000005 0.051254713808596496 0.048862213808596497 21.423077871931653
14 0.0026450000000000006 0.051620201070959257 0.048975201070959255 19.516144072196312
15 0.0030462499999999999 0.042666711642644163 0.039620461642644163 14.006306653309533
16 0.0038674999999999998 0.036567555974092808 0.032700055974092805 9.4550888103665951
17 0.0059675000000000023 0.043338525209495882 0.037371025209495881 7.2624256739833877
18 0.0072175000000000008 0.040971562734336504 0.033754062734336503 5.6766972960632494
19 0.0063000000000000026 0.036626434154311646 0.030326434154311643 5.8137197070335924
FROZEN DIRECT REPLAY 3 improved 2 min_ratio 1.0299999999995149 mass matrix difference 1.3877787807814457e-16
bin required mass slack ratio
0 0.00039250000000000005 0.003958854195912161 0.0035663541959121609 10.086252728438625
1 0.00023250000000000001 0.0016380466592287324 0.0014055466592287323 7.0453619751773431
2 0.00085249999999999996 0.0012639441217085507 0.00041144412170855075 1.4826324008311447
3 0.00066500000000000001 0.0010709302078614315 0.0004059302078614315 1.6104213652051602
4 0.00076500000000000005 0.00098012644332929342 0.00021512644332929336 1.281211037031756
5 0.00085625000000000002 0.00088193749999958455 2.5687499999584528e-05 1.0299999999995149
6 0.0015550000000000002 0.016769949801910322 0.015214949801910321 10.784533634669016
7 0.0012400000000000002 0.011714332598623679 0.01047433259862368 9.4470424182449015
8 0.0018943750000000002 0.040173914471565729 0.038279539471565732 21.20694924266089
9 0.0019337499999999999 0.022448939382603079 0.020515189382603077 11.609018426685497
10 0.0026231250000000005 0.01753154704658532 0.01490842204658532 6.6834584880954271
11 0.0028231250000000005 0.11985520361999971 0.11703207861999972 42.454798714190723
12 0.00309625 0.069016778919137559 0.065920528919137564 22.290441314214796
13 0.0023787500000000002 0.051297438743966715 0.048918688743966716 21.564871778861466
14 0.0026337500000000007 0.051536502645217468 0.04890275264521747 19.567727629887976
15 0.0030406250000000008 0.042523781472679482 0.039483156472679484 13.985210761826753
16 0.0039000000000000007 0.036939626566440717 0.033039626566440716 9.4716991196001814
17 0.0059456249999999995 0.04274450771846678 0.036798882718466777 7.1892370807891153
18 0.0072312500000000024 0.041133710891019505 0.033902460891019504 5.6883264844970771
19 0.0062793750000000028 0.036634395153107568 0.030355020153107565 5.8340830342362979
FROZEN DIRECT REPLAY 4 interior 1 min_ratio 1.4774943452551497 mass matrix difference 7.077671781985373e-16
bin required mass slack ratio
0 0.00065750000000000021 0.0088881082437213682 0.0082306082437213681 13.518035351667477
1 0.00086750000000000011 0.0051079524499147563 0.0042404524499147561 5.8881296252619659
2 0.00060000000000000006 0.0035362717745253984 0.0029362717745253985 5.8937862908756635
3 0.00106875 0.0030518834504877062 0.0019831334504877059 2.8555634624446373
4 0.0009025000000000002 0.0026666510290375579 0.0017641510290375578 2.954737982313083
5 0.0013400000000000003 0.0022048740550104362 0.00086487405501043594 1.6454283992615193
6 0.0020025000000000004 0.003152960321951487 0.0011504603219514866 1.5745120209495562
7 0.0025600000000000002 0.0040597822967268398 0.0014997822967268396 1.5858524596589216
8 0.0028700000000000002 0.0042404087708822801 0.0013704087708822799 1.4774943452551497
9 0.0043175000000000019 0.0083916230448979005 0.0040741230448978986 1.9436301204164208
10 0.003786250000000001 0.0064914985402063502 0.0027052485402063492 1.7144928465384877
11 0.0044762500000000002 0.0091941842254204195 0.0047179342254204193 2.0539925664161784
12 0.0049287499999999991 0.0072822002541764108 0.0023534502541764117 1.4774943452551685
13 0.0049300000000000004 0.021508494843950121 0.016578494843950121 4.3627778588134118
14 0.0056625000000000017 0.028551631690697802 0.022889131690697801 5.0422307621541353
15 0.0086462500000000029 0.071116459848919927 0.062470209848919926 8.2251218561711621
16 0.0098750000000000036 0.10405017239221345 0.094175172392213444 10.536726318198827
17 0.010668750000000005 0.10121552368919454 0.090546773689194532 9.4871023961752314
18 0.010441250000000001 0.086723314858422731 0.076282064858422732 8.3058364523809622
19 0.01076 0.1039929003989615 0.093232900398961496 9.6647676950707719
FROZEN DIRECT REPLAY 4 interior 2 min_ratio 1.4685161883756754 mass matrix difference 7.632783294297951e-16
bin required mass slack ratio
0 0.00066187500000000014 0.0089333714376667386 0.0082714964376667394 13.497067327919527
1 0.00085875000000000014 0.0050179165803992554 0.0041591665803992553 5.8432798607269341
2 0.00060562500000000004 0.0036245845898150927 0.0030189595898150925 5.9848661957731144
3 0.00108 0.0030091773585178439 0.0019291773585178439 2.7862753319609666
4 0.00088437500000000007 0.0025804243324207151 0.0016960493324207149 2.9177942981435647
5 0.0013625 0.002332860279519415 0.00097036027951941497 1.7121910308399375
6 0.0019887500000000001 0.0031112441458340787 0.0011224941458340787 1.5644219463653444
7 0.0025806250000000005 0.0040356897819332407 0.0014550647819332402 1.5638420080148181
8 0.0028650000000000004 0.0042434382371155516 0.0013784382371155512 1.4811302747349218
9 0.0042987499999999996 0.0084060875737091336 0.004107337573709134 1.9554725382283535
10 0.0038162500000000006 0.0064471766230988492 0.0026309266230988486 1.6894010148965211
11 0.0044587500000000009 0.0093137569576866655 0.0048550069576866646 2.088871759503597
12 0.0049062500000000026 0.0072049075492181614 0.0022986575492181588 1.4685161883756754
13 0.0049356250000000008 0.021528332572969686 0.016592707572969684 4.3618250116185253
14 0.0056674999999999989 0.028625434976470847 0.022957934976470848 5.0508045834090609
15 0.00863125 0.071070081384045386 0.062438831384045386 8.2340427381949759
16 0.0099200000000000035 0.10405414809905665 0.094134148099056653 10.489329445469417
17 0.010593750000000004 0.10105632405574277 0.090462574055742775 9.5392400288606716
18 0.01052 0.087398562377064379 0.076878562377064377 8.3078481347019366
19 0.010701250000000001 0.10334460287740771 0.092643352877407714 9.6572459177579919
FROZEN DIRECT REPLAY 6 interior 1 min_ratio 3.641990509642282 mass matrix difference 2.220446049250313e-16
bin required mass slack ratio
0 0.00022500000000000002 0.0008324025363504121 0.00060740253635041205 3.6995668282240532
1 9.3750000000000002e-05 0.00034143661027896395 0.00024768661027896397 3.641990509642282
2 0.00040625000000000004 0.0069322330616651689 0.0065259830616651686 17.063958305637339
3 0.00031875000000000008 0.0038409177205686136 0.0035221677205686136 12.049937946881922
4 0.00081874999999999992 0.002981879729769698 0.002163129729769698 3.6419905096423797
5 0.0015749999999999998 0.005736135052686709 0.004161135052686709 3.6419905096423553
6 0.0022125000000000001 0.0080579040025838978 0.0058454040025838977 3.6419905096424396
7 0.0026124999999999998 0.0095147002064415384 0.0069022002064415382 3.6419905096426946
8 0.0035375000000000003 0.01329047745898417 0.0097529774589841696 3.7570254301015318
9 0.0047749999999999997 0.017390504683543244 0.012615504683543244 3.6419905096425644
10 0.0066337500000000016 0.024160054543341185 0.017526304543341184 3.6419905096425369
11 0.0095637500000000011 0.034831086736599931 0.025267336736599928 3.6419905096431764
12 0.010472500000000003 0.038140745612243961 0.027668245612243958 3.6419905096437288
13 0.011697500000000003 0.042602183986554486 0.030904683986554483 3.6419905096434686
14 0.014495000000000003 0.052790652437279394 0.038295652437279393 3.641990509643283
15 0.0160175 0.058645439745304409 0.042627939745304405 3.6613353984894275
16 0.016140000000000002 0.058781726825642339 0.042641726825642337 3.6419905096432674
17 0.017107499999999998 0.06230535264372028 0.045197852643720282 3.641990509643156
18 0.019866249999999995 0.072352693962208725 0.05248644396220873 3.6419905096436791
19 0.018173750000000002 0.066188625024634851 0.048014875024634848 3.6419905096435707
FROZEN DIRECT REPLAY 6 interior 2 min_ratio 3.5417737667363483 mass matrix difference 4.440892098500626e-16
bin required mass slack ratio
0 0.00022499999999999999 0.00083231333449314271 0.00060731333449314277 3.6991703755250787
1 9.0625000000000007e-05 0.00033028027728228092 0.00023965527728228093 3.6444720251837892
2 0.00041875000000000001 0.0070544806805906638 0.006635730680590664 16.846521028276211
3 0.00030937500000000003 0.0037396835525441616 0.0034303085525441614 12.087866028425571
4 0.00080625 0.0028555550994311808 0.0020493050994311807 3.5417737667363483
5 0.001575 0.0056831275297488477 0.0041081275297488477 3.6083349395230777
6 0.0022218750000000003 0.0081646047448996339 0.0059427297448996341 3.6746462986890047
7 0.0026187500000000004 0.0096026775428105383 0.0069839275428105379 3.6668935724336178
8 0.0035406249999999999 0.013466022730086326 0.0099253977300863255 3.8032897384180266
9 0.0047437499999999997 0.017328009876646951 0.012584259876646952 3.6528084061442851
10 0.0066556249999999983 0.024070897361371649 0.01741527236137165 3.6166246387637004
11 0.0095525000000000037 0.034876890032541005 0.025324390032541 3.6510745912107816
12 0.010421875000000001 0.037851431648773699 0.027429556648773699 3.6319214775435031
13 0.0117 0.04251643414676002 0.030816434146760018 3.6338832604068392
14 0.014549375000000002 0.052865549185752356 0.038316174185752352 3.6335271574038299
15 0.016046250000000005 0.058732976646551811 0.042686726646551806 3.6602306860825298
16 0.016119375000000012 0.058913768180038413 0.042794393180038401 3.654841963788197
17 0.017078124999999996 0.062073904324940622 0.04499577932494063 3.6347025405271736
18 0.019845000000000002 0.072782487364152715 0.052937487364152713 3.6675478641548356
19 0.018229375000000003 0.066171372934768893 0.047941997934768887 3.629930973210485
FROZEN DIRECT REPLAY 6 improved 1 min_ratio 1.0299999999999243 mass matrix difference 3.122502256758253e-16
bin required mass slack ratio
0 0.00022500000000000002 0.00023513976314385335 1.0139763143853333e-05 1.0450656139726815
1 9.3750000000000002e-05 9.6562499999992908e-05 2.8124999999929059e-06 1.0299999999999243
2 0.00040625000000000004 0.011236196085072252 0.010829946085072251 27.658328824793234
3 0.00031875000000000008 0.0082397014946082297 0.0079209514946082301 25.850043904653262
4 0.00081874999999999992 0.0055990983637712738 0.0047803483637712738 6.8385934214000299
5 0.0015749999999999998 0.0092198147916119008 0.0076448147916119008 5.85385066134089
6 0.0022125000000000001 0.012210158322740597 0.0099976583227405977 5.5187156260974444
7 0.0026124999999999998 0.016613978580166142 0.014001478580166142 6.3594176383411076
8 0.0035375000000000003 0.015201770902642473 0.011664270902642472 4.2973203965067057
9 0.0047749999999999997 0.014568006026022243 0.0097930060260222433 3.0508913143502081
10 0.0066337500000000016 0.024711706239135232 0.018077956239135232 3.7251488583584287
11 0.0095637500000000011 0.0463823519090346 0.036818601909034597 4.8498080678640276
12 0.010472500000000003 0.061828623489208853 0.051356123489208851 5.9039029352312093
13 0.011697500000000003 0.055329817321776047 0.04363231732177604 4.7300549110302228
14 0.014495000000000003 0.054309686760464354 0.039814686760464353 3.7467876343887094
15 0.0160175 0.046793386146812332 0.030775886146812332 2.9213913623731749
16 0.016140000000000002 0.047928471359504385 0.031788471359504383 2.9695459330547944
17 0.017107499999999998 0.04554396486324843 0.028436464863248433 2.6622221168054034
18 0.019866249999999995 0.057210206448257722 0.037343956448257727 2.8797687761030764
19 0.018173750000000002 0.044303097963248966 0.026129347963248964 2.4377521404910358
FROZEN DIRECT REPLAY 6 improved 2 min_ratio 1.0305687149871952 mass matrix difference 2.0816681711721685e-16
bin required mass slack ratio
0 0.00022499999999999999 0.00023512091272231175 1.0120912722311757e-05 1.0449818343213857
1 9.0625000000000007e-05 9.3395289795714575e-05 2.7702897957145679e-06 1.0305687149871952
2 0.00041875000000000001 0.011443319334827423 0.011024569334827422 27.327329754811757
3 0.00030937500000000003 0.0079452881572842377 0.007635913157284238 25.681739498292483
4 0.00080625 0.0055823705732176753 0.0047761205732176756 6.92387047840952
5 0.001575 0.0091903572734829461 0.007615357273482946 5.8351474752272674
6 0.0022218750000000003 0.01237931216861593 0.01015743716861593 5.5715610322884626
7 0.0026187500000000004 0.016498282571924178 0.013879532571924178 6.3000601706631691
8 0.0035406249999999999 0.01559411264957818 0.012053487649578179 4.4043389654589742
9 0.0047437499999999997 0.014074276865588233 0.0093305268655882335 2.966909484181973
10 0.0066556249999999983 0.025263875017983366 0.018608250017983368 3.7958681593364068
11 0.0095525000000000037 0.046200452755920905 0.0366479527559209 4.8364776504497131
12 0.010421875000000001 0.060998481857154535 0.050576606857154538 5.8529277943896405
13 0.0117 0.055918663514561942 0.04421866351456194 4.7793729499625588
14 0.014549375000000002 0.054474876221543789 0.039925501221543785 3.744138577880066
15 0.016046250000000005 0.046384882255509435 0.03033863225550943 2.8906992135551559
16 0.016119375000000012 0.047499866916748651 0.031380491916748639 2.946756119064704
17 0.017078124999999996 0.045582972382178649 0.028504847382178653 2.6690852995969205
18 0.019845000000000002 0.057820919125180725 0.037975919125180724 2.9136265621154305
19 0.018229375000000003 0.044316348252896098 0.026086973252896096 2.4310404636964291
FROZEN DIRECT REPLAY 8 interior 1 min_ratio 3.079361258456818 mass matrix difference 2.0122792321330962e-16
bin required mass slack ratio
0 0.00018125000000000001 0.00055813422809531516 0.00037688422809531517 3.079361258456911
1 0.00017499999999999997 0.00053888822022994383 0.00036388822022994386 3.0793612584568222
2 0.00068125000000000011 0.0020978148573237076 0.0014165648573237076 3.0793612584568182
3 0.0011374999999999998 0.0035027734314947781 0.0023652734314947785 3.0793612584569483
4 0.0014625 0.0045035658404931926 0.0030410658404931923 3.0793612584568839
5 0.0029937499999999999 0.0092188377675140633 0.0062250877675140634 3.0793612584598127
6 0.0039750000000000002 0.012240461002373875 0.0082654610023738737 3.0793612584588361
7 0.0043687500000000002 0.01345295949789682 0.0090842094978968203 3.0793612584599299
8 0.0052750000000000002 0.016243630638369744 0.010968630638369744 3.0793612584587193
9 0.0073250000000000008 0.022556321218211085 0.015231321218211084 3.0793612584588508
10 0.0097375000000000014 0.029985280254247682 0.020247780254247678 3.0793612584593251
11 0.011072500000000001 0.034096227534288814 0.023023727534288815 3.0793612584591386
12 0.01405375 0.04327657328606891 0.02922282328606891 3.0793612584590524
13 0.017434999999999996 0.053688663541224917 0.036253663541224918 3.0793612584585563
14 0.019213750000000002 0.05916607737970847 0.039952327379708469 3.0793612584585759
15 0.018118750000000003 0.055794176801692866 0.037675426801692863 3.0793612584583845
16 0.019393749999999998 0.059720362406230243 0.040326612406230242 3.0793612584585368
17 0.020027500000000004 0.061671907603777512 0.041644407603777508 3.0793612584584946
18 0.023328749999999999 0.071837648958256284 0.048508898958256289 3.0793612584581811
19 0.026975000000000002 0.083065769946946602 0.056090769946946603 3.0793612584595587
FROZEN DIRECT REPLAY 8 interior 2 min_ratio 3.0397002540536735 mass matrix difference 3.7470027081099033e-16
bin required mass slack ratio
0 0.00018125000000000001 0.00055833165255227265 0.00037708165255227266 3.080450496840125
1 0.000165625 0.00051011246580966272 0.00034448746580966274 3.0799243218696617
2 0.00068749999999999996 0.0021355940903582003 0.0014480940903582003 3.1063186768846553
3 0.0011375000000000001 0.0035394213916053784 0.0024019213916053783 3.1115792453673654
4 0.001475 0.0045187552849560685 0.0030437552849560687 3.0635629050549618
5 0.0029937499999999999 0.0091378255206341005 0.0061440755206341006 3.0523008002118082
6 0.0039875000000000006 0.012425771523399872 0.0084382715233998727 3.1161809463071775
7 0.0043812500000000015 0.013507020785788911 0.0091257707857889097 3.0829148726479674
8 0.0052249999999999987 0.01606640156097762 0.010841401560977621 3.0749093896607893
9 0.0073468749999999984 0.022504454770769483 0.015157579770769484 3.0631329334947837
10 0.0097437500000000007 0.029833067703116778 0.020089317703116776 3.0617644852461092
11 0.011021250000000002 0.03418541479615337 0.023164164796153366 3.1017729201454793
12 0.014096874999999998 0.043201314094645941 0.029104439094645943 3.0646021969156956
13 0.017404375 0.053902017697681111 0.036497642697681111 3.0970383996943935
14 0.019289374999999997 0.059111257965138123 0.039821882965138125 3.0644465134374821
15 0.018019374999999997 0.056283732418926258 0.038264357418926261 3.1235119097597042
16 0.019400624999999994 0.058972084741300029 0.039571459741300039 3.0397002540536735
17 0.020126249999999995 0.062283069378024969 0.042156819378024971 3.0946186884305313
18 0.023293124999999998 0.071749336790162391 0.048456211790162393 3.0802795584603784
19 0.027025000000000004 0.083119517596414449 0.056094517596414442 3.0756528250292114
FROZEN DIRECT REPLAY 8 improved 1 min_ratio 1.0299999999999925 mass matrix difference 1.1102230246251565e-16
bin required mass slack ratio
0 0.00018125000000000001 0.00018668749999999865 5.4374999999986346e-06 1.0299999999999925
1 0.00017499999999999997 0.0022668896432530513 0.0020918896432530515 12.953655104303152
2 0.00068125000000000011 0.0036133208410933193 0.0029320708410933193 5.303957197935147
3 0.0011374999999999998 0.0021316482703318527 0.00099414827033185286 1.87397650139064
4 0.0014625 0.0038197943159734606 0.0023572943159734603 2.6118251733151867
5 0.0029937499999999999 0.018590186007679959 0.015596436007679959 6.2096654722939322
6 0.0039750000000000002 0.014723241891282313 0.010748241891282314 3.7039602242219654
7 0.0043687500000000002 0.013894822522858305 0.0095260725228583053 3.1805030095240752
8 0.0052750000000000002 0.032713933571591705 0.027438933571591703 6.2016935680742566
9 0.0073250000000000008 0.06056025633241318 0.053235256332413182 8.2676117859949727
10 0.0097375000000000014 0.045159070070969906 0.035421570070969903 4.6376451934243796
11 0.011072500000000001 0.051122587065608911 0.040050087065608912 4.6170771791021821
12 0.01405375 0.042370898653103777 0.028317148653103776 3.0149176307465106
13 0.017434999999999996 0.042284617637169113 0.024849617637169117 2.4252720181915186
14 0.019213750000000002 0.050586096597839171 0.031372346597839169 2.6328070573333768
15 0.018118750000000003 0.040483896834048731 0.022365146834048728 2.2343647786987915
16 0.019393749999999998 0.035775607268563256 0.016381857268563258 1.8446977644118987
17 0.020027500000000004 0.036916028623837284 0.01688852862383728 1.8432669391505319
18 0.023328749999999999 0.034326105918968779 0.01099735591896878 1.4714078516409486
19 0.026975000000000002 0.031023457007944392 0.00404845700794439 1.1500818167912656
FROZEN DIRECT REPLAY 8 improved 2 min_ratio 1.0301658123534885 mass matrix difference 9.71445146547012e-17
bin required mass slack ratio
0 0.00018125000000000001 0.0001867175534890698 5.4675534890697829e-06 1.0301658123534885
1 0.000165625 0.0021871780834537636 0.0020215530834537636 13.205603522739704
2 0.00068749999999999996 0.0036259661361439906 0.0029384661361439909 5.2741325616639863
3 0.0011375000000000001 0.0022165002392102937 0.0010790002392102936 1.9485716388661922
4 0.001475 0.0037543914837913153 0.0022793914837913156 2.5453501585025866
5 0.0029937499999999999 0.018294826421654361 0.015301076421654361 6.1110067379221249
6 0.0039875000000000006 0.015478236612077282 0.011490736612077283 3.8816894324958695
7 0.0043812500000000015 0.013435055360916081 0.0090538053609160798 3.0664890980692898
8 0.0052249999999999987 0.032405855179241355 0.027180855179241355 6.2020775462662892
9 0.0073468749999999984 0.060038898498034433 0.052692023498034438 8.1720321222335279
10 0.0097437500000000007 0.045212210700682133 0.035468460700682131 4.6401242540789873
11 0.011021250000000002 0.052295812952810578 0.041274562952810574 4.7449983398262967
12 0.014096874999999998 0.042043531411237157 0.027946656411237159 2.982471747194833
13 0.017404375 0.041626196667963224 0.024221821667963224 2.3917087897705733
14 0.019289374999999997 0.051921568782005684 0.032632193782005686 2.6917185643394714
15 0.018019374999999997 0.039952751902271773 0.021933376902271776 2.2172107468917086
16 0.019400624999999994 0.035144318918190608 0.015743693918190613 1.8115044705101313
17 0.020126249999999995 0.037223493616286352 0.017097243616286357 1.8494997138705105
18 0.023293124999999998 0.0342497647833871 0.010956639783387102 1.4703808434199834
19 0.027025000000000004 0.032056550012661056 0.005031550012661052 1.1861813140670139
