
=== lambda=3 N=48 bits=1024 dps=120  L=2.1972  cell 2pi/L=2.8596  u(gamma_1)=4.94  [51s] ===
  k   nu_k          log10 nu   mass[0,60)  mass{beta<0}[0,60)  E-[0,60)   E+[0,60)
  0   4.72466101704e-37    -36.33   1.000000    0.499967        -0.08978  +0.08978
  1   3.50300617305e-30    -29.46   1.000000    0.499869        -0.08959  +0.08959
  2   4.6921495447e-24    -23.33   1.000000    0.504042        -0.13682  +0.13682
  3   6.18933786801e-19    -18.21   1.000000    0.500854        -0.18369  +0.18369
  4   6.12821437379e-14    -13.21   1.000000    0.521559        -0.19009  +0.19009
  5   1.12463503113e-9     -8.95   1.000000    0.537042        -0.24064  +0.24064

  lobe nearest gamma_1: [11.552,12.810]  centre 12.290  depth -0.668  width 1.258 = 0.440 cells
  k   log10 nu_k   log10 mass_k   log10 E_k(neg)   log10(mass/nu)   log10(mass/sqrt nu)   mass/nu^(1/10)
  0      -36.33        -3.811         -4.254            32.51              14.35          6.623e-01
  1      -29.46        -1.929         -2.351            27.53              12.80          1.040e+01
  2      -23.33        -1.051         -1.447            22.28              10.61          1.912e+01
  3      -18.21        -2.820         -3.468            15.39               6.28          1.003e-01
  4      -13.21        -1.040         -1.414            12.17               5.57          1.912e+00
  5       -8.95        -1.336         -1.748             7.61               3.14          3.624e-01
  fit (gamma_1 lobe): log10 mass = 0.0729 * log10 nu + (-0.425),  rms resid 0.757 decades  -> mass ~ nu^0.0729

  variant (C): max over all negative lobes in xi<60 of mass_k
  k   log10 nu_k   max mass   at lobe centre (u)   width cells   log10(max mass/nu)
  0      -36.33     0.3047     1.425 (0.50)    0.498             35.81
  1      -29.46     0.2315     7.051 (2.47)    0.480             28.82
  2      -23.33     0.1459     9.719 (3.40)    0.442             22.49
  3      -18.21     0.1608     4.261 (1.49)    0.493             17.41
  4      -13.21     0.1436     7.051 (2.47)    0.480             12.37
  5       -8.95     0.1523    27.550 (9.63)    0.640              8.13
  fit (max lobe): log10 maxmass = -0.0114 * log10 nu + (-0.987), rms 0.060

  all negative lobes in xi<60 (u = centre in cells; mass_k and E_k for k=0..5):
  centre    u     depth   w/cell    mass_0      mass_1      mass_2      mass_3      mass_4      mass_5   |    E_0        E_1        E_2        E_3        E_4        E_5   
    1.425   0.50  -0.285  0.498  3.047e-01  1.040e-01  6.801e-02  5.005e-02  3.771e-02  2.588e-02 | -5.54e-02  -1.90e-02  -1.21e-02  -8.52e-03  -5.79e-03  -3.59e-03
    4.261   1.49  -0.280  0.493  1.538e-01  3.869e-02  1.398e-01  1.608e-01  1.380e-01  8.158e-02 | -2.74e-02  -6.53e-03  -2.54e-02  -2.97e-02  -2.56e-02  -1.48e-02
    7.051   2.47  -0.266  0.480  3.738e-02  2.315e-01  2.917e-02  3.217e-02  1.436e-01  1.316e-01 | -6.26e-03  -3.96e-02  -4.41e-03  -4.74e-03  -2.50e-02  -2.34e-02
    9.719   3.40  -0.269  0.442  3.990e-03  1.132e-01  1.459e-01  1.421e-01  1.264e-02  3.616e-02 | -6.63e-04  -1.93e-02  -2.56e-02  -2.46e-02  -1.33e-03  -6.10e-03
 * 12.290   4.30  -0.668  0.440  1.544e-04  1.179e-02  8.882e-02  1.515e-03  9.124e-02  4.616e-02 | -5.57e-05  -4.45e-03  -3.57e-02  -3.41e-04  -3.86e-02  -1.79e-02
   16.155   5.65  -1.617  0.489  2.284e-06  6.301e-04  2.622e-02  6.511e-02  3.718e-03  1.968e-02 | -2.44e-06  -6.71e-04  -2.77e-02  -6.70e-02  -3.56e-03  -2.03e-02
   19.056   6.66  -1.606  0.485  1.361e-07  7.011e-05  6.051e-03  4.545e-02  4.828e-02  1.674e-03 | -1.24e-07  -6.58e-05  -5.84e-03  -4.54e-02  -5.14e-02  -1.01e-03
   22.872   8.00  -1.405  0.448  4.785e-10  5.565e-07  1.191e-04  2.884e-03  2.371e-02  3.317e-02 | -4.47e-10  -5.24e-07  -1.13e-04  -2.74e-03  -2.26e-02  -3.13e-02
   27.550   9.63  -1.037  0.640  1.008e-11  2.519e-08  1.230e-05  7.859e-04  2.239e-02  1.523e-01 | -6.89e-12  -1.74e-08  -8.61e-06  -5.55e-04  -1.59e-02  -1.09e-01
   35.496  12.41  -2.378  0.528  9.260e-16  6.787e-12  1.023e-08  2.271e-06  2.617e-04  8.397e-03 | -1.38e-15  -1.02e-11  -1.56e-08  -3.50e-06  -4.07e-04  -1.32e-02
   39.072  13.66  -1.131  0.338  3.531e-18  3.998e-14  9.449e-11  3.408e-08  6.588e-06  3.680e-04 | -2.67e-18  -3.04e-14  -7.19e-11  -2.60e-08  -5.03e-06  -2.81e-04
   45.474  15.90  -1.839  0.507  1.990e-20  4.367e-16  2.047e-12  1.542e-09  6.454e-07  8.248e-05 | -2.42e-20  -5.34e-16  -2.51e-12  -1.90e-09  -7.97e-07  -1.02e-04
   51.291  17.94  -0.889  0.310  8.988e-24  3.419e-19  2.826e-15  3.908e-12  3.057e-09  7.630e-07 | -5.39e-24  -2.05e-19  -1.70e-15  -2.35e-12  -1.84e-09  -4.60e-07
   54.708  19.13  -1.373  0.373  7.738e-25  3.954e-20  4.434e-16  8.526e-13  9.349e-10  3.363e-07 | -7.09e-25  -3.63e-20  -4.08e-16  -7.87e-13  -8.65e-10  -3.12e-07
   58.108  20.32  -0.435  0.218  6.094e-27  4.153e-22  6.281e-18  1.669e-14  2.545e-11  1.313e-08 | -1.75e-27  -1.20e-22  -1.81e-18  -4.83e-15  -7.38e-12  -3.81e-09

=== lambda=4 N=48 bits=1024 dps=120  L=2.7726  cell 2pi/L=2.2662  u(gamma_1)=6.24  [50s] ===
  k   nu_k          log10 nu   mass[0,60)  mass{beta<0}[0,60)  E-[0,60)   E+[0,60)
  0   2.94314513626e-65    -64.53   1.000000    0.500093        -0.22556  +0.22556
  1   2.71888583665e-58    -57.57   1.000000    0.500163        -0.26157  +0.26157
  2   5.18174050163e-52    -51.29   1.000000    0.503633        -0.29773  +0.29773
  3   5.31601044887e-46    -45.27   1.000000    0.530615        -0.25169  +0.25169
  4   9.82367913142e-41    -40.01   1.000000    0.518483        -0.24371  +0.24371
  5   1.28581069254e-35    -34.89   1.000000    0.565544        -0.36035  +0.36035

  lobe nearest gamma_1: [15.242,16.230]  centre 15.613  depth -0.550  width 0.988 = 0.436 cells
  k   log10 nu_k   log10 mass_k   log10 E_k(neg)   log10(mass/nu)   log10(mass/sqrt nu)   mass/nu^(1/10)
  0      -64.53        -6.016         -6.482            58.52              26.25          2.735e+00
  1      -57.57        -3.586         -4.059            53.98              25.20          1.482e+02
  2      -51.29        -1.984         -2.468            49.30              23.66          1.394e+03
  3      -45.27        -1.059         -1.558            44.21              21.58          2.938e+03
  4      -40.01        -1.379         -1.916            38.63              18.62          4.185e+02
  5      -34.89        -1.032         -1.520            33.86              16.41          2.862e+02
  fit (gamma_1 lobe): log10 mass = 0.1612 * log10 nu + (5.376),  rms resid 0.748 decades  -> mass ~ nu^0.1612

  variant (C): max over all negative lobes in xi<60 of mass_k
  k   log10 nu_k   max mass   at lobe centre (u)   width cells   log10(max mass/nu)
  0      -64.53     0.2569     1.133 (0.50)    0.500             63.94
  1      -57.57     0.1762     7.937 (3.50)    0.500             56.81
  2      -51.29     0.1567    10.207 (4.50)    0.499             50.48
  3      -45.27     0.1286    17.233 (7.60)    0.395             44.38
  4      -40.01     0.1601    17.233 (7.60)    0.395             39.21
  5      -34.89     0.0928    15.613 (6.89)    0.436             33.86
  fit (max lobe): log10 maxmass = -0.0118 * log10 nu + (-1.386), rms 0.062

  all negative lobes in xi<60 (u = centre in cells; mass_k and E_k for k=0..5):
  centre    u     depth   w/cell    mass_0      mass_1      mass_2      mass_3      mass_4      mass_5   |    E_0        E_1        E_2        E_3        E_4        E_5   
    1.133   0.50  -0.687  0.500  2.569e-01  1.235e-01  8.558e-02  4.044e-02  2.213e-02  2.184e-02 | -1.12e-01  -5.43e-02  -3.75e-02  -1.74e-02  -9.28e-03  -8.73e-03
    3.401   1.50  -0.708  0.500  1.630e-01  3.751e-03  5.138e-02  7.247e-02  5.776e-02  7.097e-02 | -7.35e-02  -9.67e-04  -2.28e-02  -3.34e-02  -2.69e-02  -3.33e-02
    5.668   2.50  -0.757  0.500  6.396e-02  1.267e-01  1.234e-01  1.314e-02  6.594e-03  3.300e-02 | -3.07e-02  -6.15e-02  -6.02e-02  -5.30e-03  -2.35e-03  -1.58e-02
    7.937   3.50  -0.853  0.500  1.458e-02  1.762e-01  1.312e-02  8.362e-02  3.848e-02  1.038e-02 | -7.80e-03  -9.61e-02  -6.06e-03  -4.67e-02  -2.12e-02  -4.31e-03
   10.207   4.50  -1.063  0.499  1.655e-03  6.429e-02  1.567e-01  4.687e-03  2.544e-02  4.764e-02 | -1.08e-03  -4.30e-02  -1.07e-01  -1.82e-03  -1.77e-02  -3.32e-02
   12.502   5.52  -1.805  0.498  5.733e-05  5.292e-03  5.237e-02  5.872e-02  9.715e-03  1.765e-02 | -5.84e-05  -5.58e-03  -5.77e-02  -6.89e-02  -1.00e-02  -2.19e-02
 * 15.613   6.89  -0.550  0.436  9.634e-07  2.596e-04  1.037e-02  8.721e-02  4.178e-02  9.282e-02 | -3.29e-07  -8.73e-05  -3.41e-03  -2.77e-02  -1.21e-02  -3.02e-02
   17.233   7.60  -0.257  0.395  3.924e-07  1.511e-04  9.204e-03  1.286e-01  1.601e-01  6.332e-02 | -6.16e-08  -2.40e-05  -1.48e-03  -2.09e-02  -2.64e-02  -1.00e-02
   19.381   8.55  -1.205  0.500  2.418e-08  1.473e-05  1.519e-03  3.893e-02  1.229e-01  1.203e-02 | -1.57e-08  -9.83e-06  -1.04e-03  -2.74e-02  -8.98e-02  -1.01e-02
   22.909  10.11  -1.013  0.651  1.326e-10  1.699e-07  3.991e-05  2.529e-03  2.593e-02  8.779e-02 | -9.38e-11  -1.21e-07  -2.87e-05  -1.82e-03  -1.88e-02  -6.32e-02
   26.657  11.76  -1.844  0.482  1.661e-12  4.084e-09  1.923e-06  2.539e-04  6.124e-03  7.613e-02 | -2.02e-12  -4.97e-09  -2.34e-06  -3.08e-04  -7.39e-03  -9.11e-02
   28.899  12.75  -2.013  0.472  1.056e-13  3.519e-10  2.280e-07  4.198e-05  1.470e-03  2.976e-02 | -1.21e-13  -4.07e-10  -2.68e-07  -5.00e-05  -1.78e-03  -3.66e-02
   31.659  13.97  -1.205  0.307  2.316e-16  1.167e-12  1.164e-09  3.349e-07  1.912e-05  7.043e-04 | -1.86e-16  -9.41e-13  -9.40e-10  -2.71e-07  -1.55e-05  -5.72e-04
   34.459  15.21  -1.494  0.472  5.083e-17  3.713e-13  5.442e-10  2.327e-07  2.037e-05  1.238e-03 | -4.99e-17  -3.64e-13  -5.31e-10  -2.26e-07  -1.97e-05  -1.19e-03
   36.357  16.04  -0.528  0.291  2.965e-18  2.670e-14  4.850e-11  2.580e-08  2.847e-06  2.248e-04 | -9.53e-19  -8.63e-15  -1.58e-11  -8.43e-09  -9.36e-07  -7.43e-05
   39.248  17.32  -3.365  0.496  5.995e-20  7.496e-16  1.908e-12  1.432e-09  2.274e-07  2.695e-05 | -1.30e-19  -1.64e-15  -4.20e-12  -3.17e-09  -5.05e-07  -6.02e-05
   41.980  18.52  -0.665  0.237  2.659e-22  4.514e-18  1.569e-14  1.613e-11  3.559e-09  6.033e-07 | -1.19e-22  -2.02e-18  -7.01e-15  -7.21e-12  -1.59e-09  -2.70e-07
   44.861  19.80  -0.613  1.009  1.117e-22  2.631e-18  1.278e-14  1.849e-11  5.831e-09  1.457e-06 | -3.93e-23  -9.18e-19  -4.42e-15  -6.33e-12  -1.98e-09  -4.89e-07
   51.531  22.74  -2.171  0.451  6.344e-27  2.661e-22  2.312e-18  5.991e-15  3.433e-12  1.612e-09 | -8.97e-27  -3.78e-22  -3.29e-18  -8.57e-15  -4.93e-12  -2.32e-09
   54.568  24.08  -2.319  0.517  2.524e-28  1.383e-23  1.572e-19  5.335e-16  4.028e-13  2.527e-10 | -3.91e-28  -2.15e-23  -2.45e-19  -8.34e-16  -6.31e-13  -3.96e-10
   58.032  25.61  -0.744  0.335  7.234e-31  5.315e-26  8.068e-22  3.655e-18  3.702e-15  3.154e-12 | -3.50e-31  -2.58e-26  -3.93e-22  -1.78e-18  -1.81e-15  -1.55e-12

=== lambda=6 N=48 bits=2048 dps=180  L=3.5835  cell 2pi/L=1.7534  u(gamma_1)=8.06  [84s] ===
  k   nu_k          log10 nu   mass[0,60)  mass{beta<0}[0,60)  E-[0,60)   E+[0,60)
  0   6.31240250351e-92    -91.20   1.000000    0.500057        -0.16691  +0.16691
  1   5.54833636345e-85    -84.26   1.000000    0.499985        -0.19150  +0.19150
  2   1.31966769079e-78    -77.88   1.000000    0.500170        -0.22422  +0.22422
  3   9.7461341887e-73    -72.01   1.000000    0.502030        -0.24394  +0.24394
  4   1.8673575979e-67    -66.73   1.000000    0.500820        -0.20812  +0.20812
  5   2.25609351858e-62    -61.65   1.000000    0.505215        -0.30379  +0.30379

  lobe nearest gamma_1: [14.953,15.755]  centre 15.293  depth -1.442  width 0.802 = 0.457 cells
  k   log10 nu_k   log10 mass_k   log10 E_k(neg)   log10(mass/nu)   log10(mass/sqrt nu)   mass/nu^(1/10)
  0      -91.20        -6.628         -6.662            84.57              38.97          3.104e+02
  1      -84.26        -4.158         -4.196            80.10              37.97          1.853e+04
  2      -77.88        -2.526         -2.571            75.35              36.41          1.827e+05
  3      -72.01        -1.472         -1.525            70.54              34.53          5.363e+05
  4      -66.73        -1.519         -1.591            65.21              31.85          1.425e+05
  5      -61.65        -1.827         -1.853            59.82              29.00          2.176e+04
  fit (gamma_1 lobe): log10 mass = 0.1649 * log10 nu + (9.445),  rms resid 0.822 decades  -> mass ~ nu^0.1649

  variant (C): max over all negative lobes in xi<60 of mass_k
  k   log10 nu_k   max mass   at lobe centre (u)   width cells   log10(max mass/nu)
  0      -91.20     0.2111     0.867 (0.49)    0.494             90.52
  1      -84.26     0.1339     7.785 (4.44)    0.490             83.38
  2      -77.88     0.1158     9.505 (5.42)    0.488             76.94
  3      -72.01     0.0942     7.785 (4.44)    0.490             70.99
  4      -66.73     0.1331    16.896 (9.64)    0.431             65.85
  5      -61.65     0.0777    18.393 (10.49)    0.410             60.54
  fit (max lobe): log10 maxmass = -0.0112 * log10 nu + (-1.761), rms 0.076

  all negative lobes in xi<60 (u = centre in cells; mass_k and E_k for k=0..5):
  centre    u     depth   w/cell    mass_0      mass_1      mass_2      mass_3      mass_4      mass_5   |    E_0        E_1        E_2        E_3        E_4        E_5   
    0.867   0.49  -0.510  0.494  2.111e-01  1.079e-01  8.392e-02  5.962e-02  3.193e-02  3.715e-02 | -6.86e-02  -3.52e-02  -2.74e-02  -1.94e-02  -1.03e-02  -1.19e-02
    2.599   1.48  -0.518  0.494  1.571e-01  1.279e-02  6.595e-03  3.024e-02  3.386e-02  6.443e-02 | -5.18e-02  -3.98e-03  -1.74e-03  -9.73e-03  -1.12e-02  -2.17e-02
    4.330   2.47  -0.537  0.493  8.617e-02  3.570e-02  1.121e-01  8.612e-02  2.940e-02  1.315e-02 | -2.94e-02  -1.21e-02  -3.87e-02  -2.98e-02  -9.98e-03  -3.86e-03
    6.059   3.46  -0.570  0.492  3.425e-02  1.331e-01  5.549e-02  6.972e-03  3.116e-02  7.582e-02 | -1.24e-02  -4.85e-02  -2.00e-02  -1.99e-03  -1.14e-02  -2.83e-02
    7.785   4.44  -0.627  0.490  9.554e-03  1.339e-01  1.471e-02  9.419e-02  2.901e-02  4.543e-03 | -3.78e-03  -5.36e-02  -5.57e-03  -3.82e-02  -1.15e-02  -1.05e-03
    9.505   5.42  -0.733  0.488  1.751e-03  6.204e-02  1.158e-01  1.124e-02  1.877e-02  6.515e-02 | -8.03e-04  -2.88e-02  -5.46e-02  -4.66e-03  -8.81e-03  -3.12e-02
   11.217   6.40  -0.973  0.484  1.838e-04  1.351e-02  9.029e-02  4.976e-02  2.810e-02  3.744e-03 | -1.10e-04  -8.19e-03  -5.58e-02  -3.14e-02  -1.74e-02  -1.69e-03
   12.938   7.38  -1.911  0.477  6.869e-06  9.154e-04  1.429e-02  4.020e-02  3.362e-04  3.128e-02 | -7.38e-06  -1.01e-03  -1.63e-02  -4.78e-02  -3.38e-04  -3.82e-02
 * 15.293   8.72  -1.442  0.457  2.355e-07  6.956e-05  2.977e-03  3.375e-02  3.026e-02  1.490e-02 | -2.18e-07  -6.37e-05  -2.69e-03  -2.99e-02  -2.56e-02  -1.40e-02
   16.896   9.64  -0.533  0.431  1.024e-07  4.477e-05  3.043e-03  6.042e-02  1.331e-01  4.615e-03 | -3.50e-08  -1.53e-05  -1.04e-03  -2.07e-02  -4.54e-02  -1.24e-03
   18.393  10.49  -0.455  0.410  1.341e-08  8.264e-06  8.318e-04  2.603e-02  1.077e-01  7.771e-02 | -3.78e-09  -2.35e-06  -2.38e-04  -7.51e-03  -3.14e-02  -2.29e-02
   19.921  11.36  -1.256  0.435  5.595e-10  4.707e-07  6.712e-05  3.109e-03  2.126e-02  4.884e-02 | -3.79e-10  -3.25e-07  -4.71e-05  -2.23e-03  -1.56e-02  -3.72e-02
   22.194  12.66  -2.555  0.460  9.747e-12  1.346e-08  3.304e-06  2.780e-04  3.891e-03  2.930e-02 | -1.64e-11  -2.26e-08  -5.53e-06  -4.64e-04  -6.45e-03  -4.81e-02
   23.866  13.61  -2.557  0.455  1.043e-12  1.892e-09  6.230e-07  7.187e-05  1.444e-03  1.799e-02 | -1.57e-12  -2.88e-09  -9.59e-07  -1.12e-04  -2.28e-03  -2.88e-02
   26.087  14.88  -1.568  0.422  3.554e-14  9.700e-11  4.933e-08  9.033e-06  3.040e-04  7.318e-03 | -3.62e-14  -9.85e-11  -4.99e-08  -9.08e-06  -3.03e-04  -7.24e-03
   27.652  15.77  -1.020  0.444  1.086e-14  3.706e-11  2.386e-08  5.602e-06  2.474e-04  8.274e-03 | -6.95e-15  -2.38e-11  -1.54e-08  -3.64e-06  -1.61e-04  -5.42e-03
   29.282  16.70  -1.791  0.456  3.558e-16  1.519e-12  1.236e-09  3.709e-07  2.135e-05  9.741e-04 | -3.49e-16  -1.51e-12  -1.24e-09  -3.76e-07  -2.19e-05  -1.01e-03
   31.617  18.03  -2.642  0.471  1.548e-18  9.322e-15  1.086e-11  4.736e-09  4.063e-07  2.924e-05 | -2.71e-18  -1.64e-14  -1.91e-11  -8.37e-09  -7.20e-07  -5.19e-05
   34.327  19.58  -1.812  0.538  9.477e-20  8.153e-16  1.374e-12  8.798e-10  1.131e-07  1.275e-05 | -1.14e-19  -9.79e-16  -1.65e-12  -1.06e-09  -1.35e-07  -1.52e-05
   36.248  20.67  -2.216  0.521  5.849e-21  6.197e-17  1.294e-13  1.034e-10  1.674e-08  2.428e-06 | -7.31e-21  -7.82e-17  -1.65e-13  -1.33e-10  -2.18e-08  -3.19e-06
   39.629  22.60  -0.946  0.795  1.946e-23  2.913e-19  8.675e-16  1.001e-12  2.373e-10  5.195e-08 | -9.03e-24  -1.37e-19  -4.16e-16  -4.88e-13  -1.18e-10  -2.63e-08
   42.142  24.03  -2.535  0.445  2.257e-26  4.666e-22  1.932e-18  3.128e-15  1.050e-12  3.324e-10 | -3.75e-26  -7.79e-22  -3.23e-18  -5.25e-15  -1.77e-12  -5.61e-10
   44.611  25.44  -2.019  0.527  1.479e-27  3.965e-23  2.140e-19  4.553e-16  2.021e-13  8.597e-11 | -1.98e-27  -5.31e-23  -2.87e-19  -6.09e-16  -2.70e-13  -1.15e-10
   46.590  26.57  -2.153  0.546  6.630e-29  2.103e-24  1.347e-20  3.420e-17  1.818e-14  9.334e-12 | -7.81e-29  -2.50e-24  -1.61e-20  -4.14e-17  -2.22e-14  -1.15e-11
   51.287  29.25  -2.412  0.603  4.097e-33  1.436e-28  1.451e-24  5.895e-21  5.049e-18  4.265e-15 | -6.46e-33  -2.30e-28  -2.33e-24  -9.49e-21  -8.15e-18  -6.90e-15
   54.572  31.12  -1.509  0.655  1.096e-33  5.844e-31  8.201e-27  4.495e-23  5.207e-20  6.015e-17 | -1.23e-33  -5.78e-31  -8.16e-27  -4.49e-23  -5.22e-20  -6.05e-17
   57.940  33.04  -3.339  0.537  1.123e-33  3.340e-33  5.151e-30  3.716e-26  5.770e-23  9.017e-20 | -2.64e-33  -7.65e-33  -1.06e-29  -7.71e-26  -1.20e-22  -1.89e-19

=== lambda=8 N=48 bits=2048 dps=180  L=4.1589  cell 2pi/L=1.5108  u(gamma_1)=9.36  [84s] ===
  k   nu_k          log10 nu   mass[0,60)  mass{beta<0}[0,60)  E-[0,60)   E+[0,60)
  0   1.4731196976e-105   -104.83   1.000000    0.500181        -0.04414  +0.04414
  1   1.00036334474e-98    -98.00   1.000000    0.500163        -0.05871  +0.05871
  2   1.55665238659e-92    -91.81   1.000000    0.500125        -0.07771  +0.07771
  3   9.76144821475e-87    -86.01   1.000000    0.500805        -0.10957  +0.10957
  4   1.60038062587e-81    -80.80   1.000000    0.500133        -0.12069  +0.12069
  5   2.91972675476e-76    -75.53   1.000000    0.501716        -0.12561  +0.12561

  lobe nearest gamma_1: [14.901,15.666]  centre 15.242  depth -2.130  width 0.765 = 0.506 cells
  k   log10 nu_k   log10 mass_k   log10 E_k(neg)   log10(mass/nu)   log10(mass/sqrt nu)   mass/nu^(1/10)
  0     -104.83        -7.106         -6.966            97.73              45.31          2.386e+03
  1      -98.00        -4.580         -4.444            93.42              44.42          1.658e+05
  2      -91.81        -2.943         -2.811            88.87              42.96          1.730e+06
  3      -86.01        -1.912         -1.787            84.10              41.09          4.885e+06
  4      -80.80        -2.182         -2.079            78.61              38.22          7.908e+05
  5      -75.53        -2.132         -1.987            73.40              35.64          2.638e+05
  fit (gamma_1 lobe): log10 mass = 0.1667 * log10 nu + (11.444),  rms resid 0.822 decades  -> mass ~ nu^0.1667

  variant (C): max over all negative lobes in xi<60 of mass_k
  k   log10 nu_k   max mass   at lobe centre (u)   width cells   log10(max mass/nu)
  0     -104.83     0.1937     0.758 (0.50)    0.501            104.12
  1      -98.00     0.1293     6.841 (4.53)    0.506             97.11
  2      -91.81     0.1123     5.312 (3.52)    0.504             90.86
  3      -86.01     0.1331     3.791 (2.51)    0.502             85.13
  4      -80.80     0.1163     3.791 (2.51)    0.502             79.86
  5      -75.53     0.0797     3.791 (2.51)    0.502             74.44
  fit (max lobe): log10 maxmass = -0.0098 * log10 nu + (-1.788), rms 0.059

  all negative lobes in xi<60 (u = centre in cells; mass_k and E_k for k=0..5):
  centre    u     depth   w/cell    mass_0      mass_1      mass_2      mass_3      mass_4      mass_5   |    E_0        E_1        E_2        E_3        E_4        E_5   
    0.758   0.50  -0.131  0.501  1.937e-01  1.168e-01  1.058e-01  9.675e-02  8.210e-02  7.432e-02 | -1.61e-02  -9.75e-03  -8.85e-03  -8.09e-03  -6.86e-03  -6.18e-03
    2.272   1.50  -0.134  0.502  1.516e-01  2.639e-02  3.253e-03  1.358e-02  3.238e-02  6.334e-02 | -1.30e-02  -2.22e-03  -1.71e-04  -1.03e-03  -2.67e-03  -5.40e-03
    3.791   2.51  -0.142  0.502  9.216e-02  1.140e-02  8.802e-02  1.331e-01  1.163e-01  7.967e-02 | -8.35e-03  -9.92e-04  -8.03e-03  -1.22e-02  -1.07e-02  -7.25e-03
    5.312   3.52  -0.157  0.504  4.308e-02  8.988e-02  1.123e-01  2.861e-02  4.641e-03  4.538e-02 | -4.28e-03  -9.01e-03  -1.13e-02  -2.74e-03  -2.80e-04  -4.49e-03
    6.841   4.53  -0.182  0.506  1.510e-02  1.293e-01  1.120e-02  4.920e-02  9.924e-02  7.797e-02 | -1.74e-03  -1.50e-02  -1.19e-03  -5.73e-03  -1.17e-02  -9.08e-03
    8.376   5.54  -0.228  0.508  3.815e-03  8.762e-02  3.537e-02  8.831e-02  2.078e-02  2.165e-02 | -5.47e-04  -1.27e-02  -5.17e-03  -1.29e-02  -2.85e-03  -3.08e-03
    9.918   6.57  -0.322  0.509  6.510e-04  3.230e-02  8.745e-02  4.321e-03  3.146e-02  5.915e-02 | -1.30e-04  -6.55e-03  -1.80e-02  -6.90e-04  -6.57e-03  -1.22e-02
   11.470   7.59  -0.554  0.510  6.479e-05  6.066e-03  4.790e-02  2.793e-02  3.554e-02  3.849e-03 | -2.18e-05  -2.07e-03  -1.67e-02  -1.01e-02  -1.24e-02  -1.24e-03
   13.043   8.63  -1.538  0.509  2.349e-06  3.749e-04  6.326e-03  1.728e-02  1.164e-03  1.783e-02 | -1.97e-06  -3.23e-04  -5.63e-03  -1.62e-02  -8.45e-04  -1.71e-02
 * 15.242  10.09  -2.130  0.506  7.842e-08  2.628e-05  1.141e-03  1.224e-02  6.584e-03  7.375e-03 | -1.08e-07  -3.60e-05  -1.55e-03  -1.63e-02  -8.33e-03  -1.03e-02
   16.803  11.12  -1.238  0.505  3.267e-08  1.610e-05  1.105e-03  2.103e-02  3.604e-02  1.373e-03 | -2.57e-08  -1.27e-05  -8.76e-04  -1.67e-02  -2.86e-02  -8.08e-04
   18.343  12.14  -1.233  0.504  3.440e-09  2.425e-06  2.511e-04  7.779e-03  2.892e-02  2.853e-02 | -2.61e-09  -1.86e-06  -1.94e-04  -6.06e-03  -2.28e-02  -2.27e-02
   19.905  13.18  -2.095  0.508  9.460e-11  9.231e-08  1.376e-05  6.466e-04  4.306e-03  1.332e-02 | -1.10e-10  -1.09e-07  -1.65e-05  -7.89e-04  -5.37e-03  -1.72e-02
   22.165  14.67  -1.666  0.537  1.025e-12  1.639e-09  4.203e-07  3.605e-05  5.182e-04  4.902e-03 | -1.13e-12  -1.80e-09  -4.60e-07  -3.92e-05  -5.60e-04  -5.23e-03
   23.893  15.82  -1.690  0.528  7.657e-14  1.615e-10  5.576e-08  6.602e-06  1.396e-04  2.146e-03 | -7.30e-14  -1.56e-10  -5.46e-08  -6.55e-06  -1.41e-04  -2.20e-03
   26.107  17.28  -2.228  0.498  1.492e-15  4.744e-12  2.533e-09  4.783e-07  1.735e-05  5.030e-04 | -2.17e-15  -6.89e-12  -3.67e-09  -6.90e-07  -2.49e-05  -7.17e-04
   27.649  18.30  -1.492  0.500  2.966e-16  1.180e-12  7.980e-10  1.934e-07  9.292e-06  3.698e-04 | -2.76e-16  -1.11e-12  -7.51e-10  -1.83e-07  -8.83e-06  -3.53e-04
   29.223  19.34  -2.080  0.524  7.431e-18  3.682e-14  3.129e-11  9.647e-09  6.051e-07  3.232e-05 | -8.56e-18  -4.29e-14  -3.68e-11  -1.15e-08  -7.29e-07  -3.94e-05
   31.761  21.02  -2.776  0.557  1.150e-20  8.190e-17  1.014e-13  4.636e-11  4.469e-09  3.804e-07 | -2.00e-20  -1.44e-16  -1.79e-13  -8.25e-11  -8.01e-09  -6.87e-07
   33.946  22.47  -1.210  0.440  2.722e-22  2.642e-18  4.499e-15  2.861e-12  3.932e-10  4.879e-08 | -2.13e-22  -2.06e-18  -3.50e-15  -2.21e-12  -3.03e-10  -3.74e-08
   35.206  23.30  -0.546  0.389  6.457e-23  7.232e-19  1.426e-15  1.055e-12  1.703e-10  2.505e-08 | -2.21e-23  -2.48e-19  -4.91e-16  -3.65e-13  -5.91e-11  -8.71e-09
   36.572  24.21  -1.781  0.469  2.699e-24  3.511e-20  8.065e-17  6.991e-14  1.335e-11  2.342e-09 | -2.54e-24  -3.34e-20  -7.74e-17  -6.77e-14  -1.31e-11  -2.31e-09
   38.581  25.54  -1.933  0.441  1.263e-26  2.122e-22  6.328e-19  7.176e-16  1.819e-13  4.289e-11 | -1.61e-26  -2.70e-22  -8.05e-19  -9.13e-16  -2.31e-13  -5.44e-11
   39.931  26.43  -1.657  0.422  7.213e-28  1.386e-23  4.737e-20  6.179e-17  1.814e-14  4.981e-12 | -6.79e-28  -1.31e-23  -4.52e-20  -5.93e-17  -1.75e-14  -4.84e-12
   42.081  27.85  -2.900  0.541  3.419e-30  8.338e-26  3.627e-22  6.067e-19  2.309e-16  8.300e-14 | -6.51e-30  -1.59e-25  -6.96e-22  -1.17e-18  -4.46e-16  -1.61e-13
   44.431  29.41  -1.573  0.489  5.121e-32  1.578e-27  8.867e-24  1.929e-20  9.645e-18  4.594e-15 | -5.26e-32  -1.63e-27  -9.13e-24  -1.98e-20  -9.90e-18  -4.71e-15
   45.822  30.33  -0.586  0.394  4.666e-33  1.448e-28  9.278e-25  2.308e-21  1.326e-18  7.281e-16 | -1.69e-33  -5.31e-29  -3.41e-25  -8.50e-22  -4.90e-19  -2.70e-16
   47.075  31.16  -1.398  0.423  1.912e-33  3.329e-30  2.382e-26  6.643e-23  4.294e-20  2.662e-17 | -1.67e-33  -2.35e-30  -1.69e-26  -4.75e-23  -3.09e-20  -1.93e-17
   48.935  32.39  -3.225  0.377  3.935e-34  3.135e-33  2.575e-29  8.724e-26  6.892e-23  5.248e-20 | -6.81e-34  -6.51e-33  -5.38e-29  -1.83e-25  -1.45e-22  -1.11e-19
   50.712  33.57  -3.359  0.444  4.191e-34  2.896e-34  1.620e-30  6.552e-27  6.210e-24  5.699e-21 | -6.15e-34  -5.49e-34  -3.60e-30  -1.46e-26  -1.38e-23  -1.26e-20
   52.087  34.48  -2.951  0.419  2.792e-34  9.537e-35  9.979e-32  4.510e-28  4.808e-25  4.977e-22 | -3.18e-34  -1.13e-34  -1.70e-31  -7.69e-28  -8.24e-25  -8.57e-22
   53.895  35.67  -3.439  0.444  6.981e-34  4.009e-34  1.402e-33  6.093e-30  7.812e-27  9.742e-24 | -1.38e-33  -7.45e-34  -3.08e-33  -1.39e-29  -1.78e-26  -2.21e-23
   55.348  36.63  -3.663  0.483  5.193e-34  3.831e-34  3.923e-34  3.051e-31  4.365e-28  6.142e-25 | -1.04e-33  -7.75e-34  -7.57e-34  -6.30e-31  -9.05e-28  -1.28e-24
   58.257  38.56  -2.212  0.530  4.768e-34  3.449e-34  5.542e-34  8.064e-34  1.337e-31  2.416e-28 | -3.98e-34  -3.01e-34  -4.86e-34  -6.88e-34  -1.42e-31  -2.60e-28

=== pooled across lambda, gamma_1 lobe, k=0..5 ===
  log10 mass = 0.0366 * log10 nu + (-0.596), rms 1.432 decades over 24 points
  range of log10(mass/nu):      [7.6, 97.7]
  range of log10(mass/sqrt nu): [3.1, 45.3]
  range of log10 mass:          [-7.11, -1.03]   range of log10 nu: [-104.8, -8.9]

  ground direction k=0 across lambda (gamma_1 lobe):
  lam   log10 nu_0   log10 mass_0   log10 E_0   C needed for mass<=C nu   C for mass<=C sqrt(nu)   depth   u(gamma_1)
  3      -36.33        -3.811        -4.254     1e32.5                 1e14.4              -0.668   4.94
  4      -64.53        -6.016        -6.482     1e58.5                 1e26.2              -0.550   6.24
  6      -91.20        -6.628        -6.662     1e84.6                 1e39.0              -1.442   8.06
  8     -104.83        -7.106        -6.966     1e97.7                 1e45.3              -2.130   9.36
